POI_radii:  24.85193722989386 20.155377791591437 192.7049913074258 
POI_count:  9697 9817 484 
POI_Avg:  3.348256415592649 35.97820903535315 57.20453044022871 
POI_STD:  3.858482799257863 30.57418182231806 56.236598536709785 
POI_Area:  1940.306634780342 1276.2382557204542 116663.71447022335 
POI_density:  4.997663681698319 7.598111055310679 0.08311924615151023
